 2.083e-03  0.000e+00  0.000e+00  0.000e+00        0.0        0.0        0.0        0.0        0.0        0.0        0.0        0.0        0.0        0.0        0.0        0.0        0.0        0.0        0.0        0.0        0.0        0.0        0.0        0.0        0.0        0.0 
 0.000e+00  1.250e-02  0.000e+00  0.000e+00  0.000e+00  0.000e+00  0.000e+00  0.000e+00        0.0        0.0        0.0        0.0        0.0        0.0        0.0        0.0        0.0        0.0        0.0        0.0        0.0        0.0        0.0        0.0        0.0        0.0 
 0.000e+00  0.000e+00  8.333e-03  0.000e+00  0.000e+00        0.0        0.0  0.000e+00        0.0        0.0        0.0        0.0        0.0        0.0        0.0        0.0        0.0  0.000e+00        0.0        0.0        0.0        0.0        0.0        0.0        0.0        0.0 
 0.000e+00  0.000e+00  0.000e+00  8.333e-03  0.000e+00  0.000e+00        0.0        0.0  0.000e+00        0.0        0.0        0.0        0.0        0.0        0.0        0.0        0.0        0.0        0.0        0.0        0.0        0.0        0.0        0.0        0.0        0.0 
       0.0  0.000e+00  0.000e+00  0.000e+00  3.750e-02  0.000e+00        0.0  0.000e+00  0.000e+00  0.000e+00  0.000e+00  0.000e+00        0.0        0.0        0.0        0.0  0.000e+00  0.000e+00        0.0        0.0        0.0        0.0        0.0        0.0        0.0        0.0 
       0.0  0.000e+00        0.0  0.000e+00  0.000e+00  4.583e-02  0.000e+00  0.000e+00  0.000e+00  0.000e+00        0.0        0.0  0.000e+00  0.000e+00        0.0        0.0  0.000e+00        0.0        0.0        0.0        0.0        0.0  0.000e+00  0.000e+00        0.0        0.0 
       0.0  0.000e+00        0.0        0.0        0.0  0.000e+00  1.042e-02  0.000e+00        0.0        0.0        0.0        0.0  0.000e+00  0.000e+00  0.000e+00        0.0        0.0        0.0        0.0        0.0        0.0        0.0        0.0        0.0        0.0        0.0 
       0.0  0.000e+00  0.000e+00        0.0  0.000e+00  0.000e+00  0.000e+00  3.750e-02        0.0        0.0        0.0        0.0  0.000e+00        0.0  0.000e+00  0.000e+00  0.000e+00  0.000e+00  0.000e+00        0.0        0.0        0.0        0.0        0.0        0.0        0.0 
       0.0        0.0        0.0  0.000e+00  0.000e+00  0.000e+00        0.0        0.0  1.042e-02  0.000e+00        0.0  0.000e+00        0.0        0.0        0.0        0.0        0.0        0.0        0.0        0.0        0.0        0.0        0.0  0.000e+00        0.0        0.0 
       0.0        0.0        0.0        0.0  0.000e+00  0.000e+00        0.0        0.0  0.000e+00  3.750e-02  0.000e+00  0.000e+00  0.000e+00        0.0        0.0        0.0  0.000e+00        0.0        0.0  0.000e+00  0.000e+00        0.0  0.000e+00  0.000e+00        0.0        0.0 
       0.0        0.0        0.0        0.0  0.000e+00        0.0        0.0        0.0        0.0  0.000e+00  1.250e-02  0.000e+00        0.0        0.0        0.0        0.0  0.000e+00  0.000e+00        0.0        0.0  0.000e+00  0.000e+00        0.0        0.0        0.0        0.0 
       0.0        0.0        0.0        0.0  0.000e+00        0.0        0.0        0.0  0.000e+00  0.000e+00  0.000e+00  8.333e-03        0.0        0.0        0.0        0.0        0.0        0.0        0.0        0.0  0.000e+00  0.000e+00        0.0        0.0        0.0        0.0 
       0.0        0.0        0.0        0.0        0.0  0.000e+00  0.000e+00  0.000e+00        0.0  0.000e+00        0.0        0.0  3.333e-02  0.000e+00  0.000e+00  0.000e+00  0.000e+00        0.0        0.0  0.000e+00        0.0        0.0  0.000e+00        0.0        0.0        0.0 
       0.0        0.0        0.0        0.0        0.0  0.000e+00  0.000e+00        0.0        0.0        0.0        0.0        0.0  0.000e+00  8.333e-03        0.0        0.0        0.0        0.0        0.0        0.0        0.0        0.0  0.000e+00  0.000e+00        0.0  0.000e+00 
       0.0        0.0        0.0        0.0        0.0        0.0  0.000e+00  0.000e+00        0.0        0.0        0.0        0.0  0.000e+00        0.0  8.333e-03  0.000e+00        0.0        0.0  0.000e+00        0.0        0.0        0.0        0.0        0.0  0.000e+00        0.0 
       0.0        0.0        0.0        0.0        0.0        0.0        0.0  0.000e+00        0.0        0.0        0.0        0.0  0.000e+00        0.0  0.000e+00  1.250e-02  0.000e+00        0.0  0.000e+00  0.000e+00        0.0        0.0        0.0        0.0  0.000e+00        0.0 
       0.0        0.0        0.0        0.0  0.000e+00  0.000e+00        0.0  0.000e+00        0.0  0.000e+00  0.000e+00        0.0  0.000e+00        0.0        0.0  0.000e+00  4.167e-02  0.000e+00  0.000e+00  0.000e+00  0.000e+00        0.0        0.0        0.0        0.0        0.0 
       0.0        0.0  0.000e+00        0.0  0.000e+00        0.0        0.0  0.000e+00        0.0        0.0  0.000e+00        0.0        0.0        0.0        0.0        0.0  0.000e+00  1.042e-02  0.000e+00        0.0        0.0        0.0        0.0        0.0        0.0        0.0 
       0.0        0.0        0.0        0.0        0.0        0.0        0.0  0.000e+00        0.0        0.0        0.0        0.0        0.0        0.0  0.000e+00  0.000e+00  0.000e+00  0.000e+00  8.333e-03        0.0        0.0        0.0        0.0        0.0  0.000e+00        0.0 
       0.0        0.0        0.0        0.0        0.0        0.0        0.0        0.0        0.0  0.000e+00        0.0        0.0  0.000e+00        0.0        0.0  0.000e+00  0.000e+00        0.0        0.0  1.042e-02  0.000e+00        0.0  0.000e+00        0.0        0.0        0.0 
       0.0        0.0        0.0        0.0        0.0        0.0        0.0        0.0        0.0  0.000e+00  0.000e+00  0.000e+00        0.0        0.0        0.0        0.0  0.000e+00        0.0        0.0  0.000e+00  8.333e-03  0.000e+00        0.0        0.0        0.0        0.0 
       0.0        0.0        0.0        0.0        0.0        0.0        0.0        0.0        0.0        0.0  0.000e+00  0.000e+00        0.0        0.0        0.0        0.0        0.0        0.0        0.0        0.0  0.000e+00  2.083e-03        0.0        0.0        0.0        0.0 
       0.0        0.0        0.0        0.0        0.0  0.000e+00        0.0        0.0        0.0  0.000e+00        0.0        0.0  0.000e+00  0.000e+00        0.0        0.0        0.0        0.0        0.0  0.000e+00        0.0        0.0  1.250e-02  0.000e+00        0.0  0.000e+00 
       0.0        0.0        0.0        0.0        0.0  0.000e+00        0.0        0.0  0.000e+00  0.000e+00        0.0        0.0        0.0  0.000e+00        0.0        0.0        0.0        0.0        0.0        0.0        0.0        0.0  0.000e+00  8.333e-03        0.0  0.000e+00 
       0.0        0.0        0.0        0.0        0.0        0.0        0.0        0.0        0.0        0.0        0.0        0.0        0.0        0.0  0.000e+00  0.000e+00        0.0        0.0  0.000e+00        0.0        0.0        0.0        0.0        0.0  2.083e-03        0.0 
       0.0        0.0        0.0        0.0        0.0        0.0        0.0        0.0        0.0        0.0        0.0        0.0        0.0  0.000e+00        0.0        0.0        0.0        0.0        0.0        0.0        0.0        0.0  0.000e+00  0.000e+00        0.0  2.083e-03 
