 1.250e-01  0.000e+00  0.000e+00  0.000e+00        0.0        0.0        0.0        0.0        0.0        0.0        0.0        0.0        0.0        0.0        0.0        0.0        0.0        0.0        0.0        0.0        0.0        0.0        0.0        0.0        0.0        0.0 
 0.000e+00  4.167e-01  0.000e+00  0.000e+00  0.000e+00  0.000e+00  0.000e+00  0.000e+00        0.0        0.0        0.0        0.0        0.0        0.0        0.0        0.0        0.0        0.0        0.0        0.0        0.0        0.0        0.0        0.0        0.0        0.0 
 0.000e+00  0.000e+00  3.333e-01  0.000e+00  0.000e+00        0.0        0.0  0.000e+00        0.0        0.0        0.0        0.0        0.0        0.0        0.0        0.0        0.0  0.000e+00        0.0        0.0        0.0        0.0        0.0        0.0        0.0        0.0 
 0.000e+00  0.000e+00  0.000e+00  3.334e-01  0.000e+00  0.000e+00        0.0        0.0  0.000e+00        0.0        0.0        0.0        0.0        0.0        0.0        0.0        0.0        0.0        0.0        0.0        0.0        0.0        0.0        0.0        0.0        0.0 
       0.0  0.000e+00  0.000e+00  0.000e+00  8.751e-01  0.000e+00        0.0  0.000e+00  0.000e+00  0.000e+00  0.000e+00  0.000e+00        0.0        0.0        0.0        0.0  0.000e+00  0.000e+00        0.0        0.0        0.0        0.0        0.0        0.0        0.0        0.0 
       0.0  0.000e+00        0.0  0.000e+00  0.000e+00  9.585e-01  0.000e+00  0.000e+00  0.000e+00  0.000e+00        0.0        0.0  0.000e+00  0.000e+00        0.0        0.0  0.000e+00        0.0        0.0        0.0        0.0        0.0  0.000e+00  0.000e+00        0.0        0.0 
       0.0  0.000e+00        0.0        0.0        0.0  0.000e+00  1.875e-01  0.000e+00        0.0        0.0        0.0        0.0  0.000e+00  0.000e+00  0.000e+00        0.0        0.0        0.0        0.0        0.0        0.0        0.0        0.0        0.0        0.0        0.0 
       0.0  0.000e+00  0.000e+00        0.0  0.000e+00  0.000e+00  0.000e+00  8.750e-01        0.0        0.0        0.0        0.0  0.000e+00        0.0  0.000e+00  0.000e+00  0.000e+00  0.000e+00  0.000e+00        0.0        0.0        0.0        0.0        0.0        0.0        0.0 
       0.0        0.0        0.0  0.000e+00  0.000e+00  0.000e+00        0.0        0.0  1.880e-01  0.000e+00        0.0  0.000e+00        0.0        0.0        0.0        0.0        0.0        0.0        0.0        0.0        0.0        0.0        0.0  0.000e+00        0.0        0.0 
       0.0        0.0        0.0        0.0  0.000e+00  0.000e+00        0.0        0.0  0.000e+00  8.758e-01  0.000e+00  0.000e+00  0.000e+00        0.0        0.0        0.0  0.000e+00        0.0        0.0  0.000e+00  0.000e+00        0.0  0.000e+00  0.000e+00        0.0        0.0 
       0.0        0.0        0.0        0.0  0.000e+00        0.0        0.0        0.0        0.0  0.000e+00  4.167e-01  0.000e+00        0.0        0.0        0.0        0.0  0.000e+00  0.000e+00        0.0        0.0  0.000e+00  0.000e+00        0.0        0.0        0.0        0.0 
       0.0        0.0        0.0        0.0  0.000e+00        0.0        0.0        0.0  0.000e+00  0.000e+00  0.000e+00  3.334e-01        0.0        0.0        0.0        0.0        0.0        0.0        0.0        0.0  0.000e+00  0.000e+00        0.0        0.0        0.0        0.0 
       0.0        0.0        0.0        0.0        0.0  0.000e+00  0.000e+00  0.000e+00        0.0  0.000e+00        0.0        0.0  7.923e-01  0.000e+00  0.000e+00  0.000e+00  0.000e+00        0.0        0.0  0.000e+00        0.0        0.0  0.000e+00        0.0        0.0        0.0 
       0.0        0.0        0.0        0.0        0.0  0.000e+00  0.000e+00        0.0        0.0        0.0        0.0        0.0  0.000e+00  3.333e-01        0.0        0.0        0.0        0.0        0.0        0.0        0.0        0.0  0.000e+00  0.000e+00        0.0  0.000e+00 
       0.0        0.0        0.0        0.0        0.0        0.0  0.000e+00  0.000e+00        0.0        0.0        0.0        0.0  0.000e+00        0.0  3.333e-01  0.000e+00        0.0        0.0  0.000e+00        0.0        0.0        0.0        0.0        0.0  0.000e+00        0.0 
       0.0        0.0        0.0        0.0        0.0        0.0        0.0  0.000e+00        0.0        0.0        0.0        0.0  0.000e+00        0.0  0.000e+00  4.168e-01  0.000e+00        0.0  0.000e+00  0.000e+00        0.0        0.0        0.0        0.0  0.000e+00        0.0 
       0.0        0.0        0.0        0.0  0.000e+00  0.000e+00        0.0  0.000e+00        0.0  0.000e+00  0.000e+00        0.0  0.000e+00        0.0        0.0  0.000e+00  8.756e-01  0.000e+00  0.000e+00  0.000e+00  0.000e+00        0.0        0.0        0.0        0.0        0.0 
       0.0        0.0  0.000e+00        0.0  0.000e+00        0.0        0.0  0.000e+00        0.0        0.0  0.000e+00        0.0        0.0        0.0        0.0        0.0  0.000e+00  1.875e-01  0.000e+00        0.0        0.0        0.0        0.0        0.0        0.0        0.0 
       0.0        0.0        0.0        0.0        0.0        0.0        0.0  0.000e+00        0.0        0.0        0.0        0.0        0.0        0.0  0.000e+00  0.000e+00  0.000e+00  0.000e+00  3.333e-01        0.0        0.0        0.0        0.0        0.0  0.000e+00        0.0 
       0.0        0.0        0.0        0.0        0.0        0.0        0.0        0.0        0.0  0.000e+00        0.0        0.0  0.000e+00        0.0        0.0  0.000e+00  0.000e+00        0.0        0.0  1.898e-01  0.000e+00        0.0  0.000e+00        0.0        0.0        0.0 
       0.0        0.0        0.0        0.0        0.0        0.0        0.0        0.0        0.0  0.000e+00  0.000e+00  0.000e+00        0.0        0.0        0.0        0.0  0.000e+00        0.0        0.0  0.000e+00  3.335e-01  0.000e+00        0.0        0.0        0.0        0.0 
       0.0        0.0        0.0        0.0        0.0        0.0        0.0        0.0        0.0        0.0  0.000e+00  0.000e+00        0.0        0.0        0.0        0.0        0.0        0.0        0.0        0.0  0.000e+00  1.250e-01        0.0        0.0        0.0        0.0 
       0.0        0.0        0.0        0.0        0.0  0.000e+00        0.0        0.0        0.0  0.000e+00        0.0        0.0  0.000e+00  0.000e+00        0.0        0.0        0.0        0.0        0.0  0.000e+00        0.0        0.0  4.168e-01  0.000e+00        0.0  0.000e+00 
       0.0        0.0        0.0        0.0        0.0  0.000e+00        0.0        0.0  0.000e+00  0.000e+00        0.0        0.0        0.0  0.000e+00        0.0        0.0        0.0        0.0        0.0        0.0        0.0        0.0  0.000e+00  3.334e-01        0.0  0.000e+00 
       0.0        0.0        0.0        0.0        0.0        0.0        0.0        0.0        0.0        0.0        0.0        0.0        0.0        0.0  0.000e+00  0.000e+00        0.0        0.0  0.000e+00        0.0        0.0        0.0        0.0        0.0  1.250e-01        0.0 
       0.0        0.0        0.0        0.0        0.0        0.0        0.0        0.0        0.0        0.0        0.0        0.0        0.0  0.000e+00        0.0        0.0        0.0        0.0        0.0        0.0        0.0        0.0  0.000e+00  0.000e+00        0.0  1.250e-01 
